precinct_id	name	list_order	type_1	type_2	type_3	type_4	type_5	type_6	cmax_category_order	ed_turnout	ev_turnout	MAIL_turnout	type4_turnout	type5_turnout	type6_turnout	turnout
1	Pct 1101	1	1	2	3	4	5	6	2	81	198	0	0	0	0	279
2	Pct 1102	2	1	2	3	4	5	6	2	186	334	0	0	0	0	520
3	Pct 1103	3	1	2	3	4	5	6	2	157	347	0	0	0	0	504
4	Pct 1104/1105	4	1	2	3	4	5	6	2	159	291	0	0	0	0	450
5	Pct 1106	5	1	2	3	4	5	6	2	107	227	0	0	0	0	334
6	Pct 1107	6	1	2	3	4	5	6	2	99	211	0	0	0	0	310
7	Pct 1108	7	1	2	3	4	5	6	2	143	327	0	0	0	0	470
8	Pct 1109	8	1	2	3	4	5	6	2	117	262	0	0	0	0	379
9	Pct 1111	9	1	2	3	4	5	6	2	123	328	0	0	0	0	451
10	Pct 1112	10	1	2	3	4	5	6	2	86	215	0	0	0	0	301
11	Pct 1113	11	1	2	3	4	5	6	2	79	268	0	0	0	0	347
12	Pct 1114	12	1	2	3	4	5	6	2	129	276	0	0	0	0	405
13	Pct 1115	13	1	2	3	4	5	6	2	93	278	0	0	0	0	371
14	Pct 1116	14	1	2	3	4	5	6	2	134	272	0	0	0	0	406
15	Pct 1117	15	1	2	3	4	5	6	2	125	240	0	0	0	0	365
16	Pct 1118	16	1	2	3	4	5	6	2	139	328	0	0	0	0	467
17	Pct 1119	17	1	2	3	4	5	6	2	87	272	0	0	0	0	359
18	Pct 1121	18	1	2	3	4	5	6	2	98	221	0	0	0	0	319
19	Pct 1122	19	1	2	3	4	5	6	2	67	211	0	0	0	0	278
20	Pct 1123	20	1	2	3	4	5	6	2	106	251	0	0	0	0	357
21	Pct 1124	21	1	2	3	4	5	6	2	96	194	0	0	0	0	290
22	Pct 1125	22	1	2	3	4	5	6	2	76	324	0	0	0	0	400
23	Pct 1126	23	1	2	3	4	5	6	2	85	287	0	0	0	0	372
24	Pct 1127	24	1	2	3	4	5	6	2	129	273	0	0	0	0	402
25	Pct 1128	25	1	2	3	4	5	6	2	96	243	0	0	0	0	339
26	Pct 1129	26	1	2	3	4	5	6	2	116	272	0	0	0	0	388
27	Pct 1131	27	1	2	3	4	5	6	2	77	283	0	0	0	0	360
28	Pct 1132	28	1	2	3	4	5	6	2	99	319	0	0	0	0	418
29	Pct 1133	29	1	2	3	4	5	6	2	94	287	0	0	0	0	381
30	Pct 1134	30	1	2	3	4	5	6	2	121	240	0	0	0	0	361
31	Pct 1135	31	1	2	3	4	5	6	2	66	216	0	0	0	0	282
32	Pct 1136	32	1	2	3	4	5	6	2	91	284	0	0	0	0	375
33	Pct 1141	33	1	2	3	4	5	6	2	135	360	0	0	0	0	495
34	Pct 1142	34	1	2	3	4	5	6	2	114	264	0	0	0	0	378
35	Pct 1143	35	1	2	3	4	5	6	2	143	311	0	0	0	0	454
36	Pct 1144	36	1	2	3	4	5	6	2	140	256	0	0	0	0	396
37	Pct 1145	37	1	2	3	4	5	6	2	131	364	0	0	0	0	495
38	Pct 1146	38	1	2	3	4	5	6	2	116	319	0	0	0	0	435
39	Pct 1147	39	1	2	3	4	5	6	2	150	274	0	0	0	0	424
40	Pct 1148	40	1	2	3	4	5	6	2	118	309	0	0	0	0	427
41	Pct 1149	41	1	2	3	4	5	6	2	145	282	0	0	0	0	427
42	Pct 1151 MB	42	1	2	3	4	5	6	2	0	0	0	0	0	0	0
43	Pct 1152	43	1	2	3	4	5	6	2	116	285	0	0	0	0	401
44	Pct 1153	44	1	2	3	4	5	6	2	137	305	0	0	0	0	442
45	Pct 1154 MB	45	1	2	3	4	5	6	2	0	0	0	0	0	0	0
46	Pct 7001	46	1	2	3	4	5	6	2	111	264	0	0	0	0	375
47	Pct 7002	47	1	2	3	4	5	6	2	126	171	0	0	0	0	297
48	Pct 7003	48	1	2	3	4	5	6	2	185	339	0	0	0	0	524
49	Pct 7004	49	1	2	3	4	5	6	2	170	305	0	0	0	0	475
50	Pct 7005	50	1	2	3	4	5	6	2	171	294	0	0	0	0	465
51	Pct 7006	51	1	2	3	4	5	6	2	202	285	0	0	0	0	487
52	Pct 7007	52	1	2	3	4	5	6	2	224	318	0	0	0	0	542
53	Pct 7008	53	1	2	3	4	5	6	2	176	343	0	0	0	0	519
54	Pct 7009	54	1	2	3	4	5	6	2	128	308	0	0	0	0	436
55	Pct 7011	55	1	2	3	4	5	6	2	132	200	0	0	0	0	332
56	Pct 7012	56	1	2	3	4	5	6	2	216	379	0	0	0	0	595
57	Pct 7013	57	1	2	3	4	5	6	2	117	248	0	0	0	0	365
58	Pct 7014	58	1	2	3	4	5	6	2	173	430	0	0	0	0	603
59	Pct 7015 MB	59	1	2	3	4	5	6	2	0	34	0	0	0	0	34
60	Pct 7016	60	1	2	3	4	5	6	2	101	216	0	0	0	0	317
61	Pct 7017	61	1	2	3	4	5	6	2	65	165	0	0	0	0	230
62	Pct 7018	62	1	2	3	4	5	6	2	83	339	0	0	0	0	422
63	Pct 7019	63	1	2	3	4	5	6	2	103	348	0	0	0	0	451
64	Pct 7021	64	1	2	3	4	5	6	2	105	218	0	0	0	0	323
65	Pct 7022	65	1	2	3	4	5	6	2	152	266	0	0	0	0	418
66	Pct 7023	66	1	2	3	4	5	6	2	105	299	0	0	0	0	404
67	Pct 7024	67	1	2	3	4	5	6	2	21	44	0	0	0	0	65
68	Pct 7025	68	1	2	3	4	5	6	2	49	76	0	0	0	0	125
69	Pct 7026	69	1	2	3	4	5	6	2	68	346	0	0	0	0	414
70	Pct 7027	70	1	2	3	4	5	6	2	109	270	0	0	0	0	379
71	Pct 7028	71	1	2	3	4	5	6	2	133	175	0	0	0	0	308
72	Pct 7029	72	1	2	3	4	5	6	2	89	164	0	0	0	0	253
73	Pct 7030	73	1	2	3	4	5	6	2	86	272	0	0	0	0	358
74	Pct 7031	74	1	2	3	4	5	6	2	41	224	0	0	0	0	265
75	Pct 7032	75	1	2	3	4	5	6	2	116	236	0	0	0	0	352
76	Pct 7033	76	1	2	3	4	5	6	2	127	180	0	0	0	0	307
77	Pct 7034	77	1	2	3	4	5	6	2	79	153	0	0	0	0	232
78	Pct 7035	78	1	2	3	4	5	6	2	61	166	0	0	0	0	227
79	Pct 7036	79	1	2	3	4	5	6	2	44	262	0	0	0	0	306
80	Pct 7037	80	1	2	3	4	5	6	2	60	64	0	0	0	0	124
81	Pct 7038	81	1	2	3	4	5	6	2	81	253	0	0	0	0	334
82	Pct 7039	82	1	2	3	4	5	6	2	105	223	0	0	0	0	328
83	Pct 7041 MB	83	1	2	3	4	5	6	2	0	24	0	0	0	0	24
84	Pct 7042	84	1	2	3	4	5	6	2	69	189	0	0	0	0	258
85	Pct 7043	85	1	2	3	4	5	6	2	88	277	0	0	0	0	365
86	Pct 7044	86	1	2	3	4	5	6	2	76	121	0	0	0	0	197
87	Pct 7045	87	1	2	3	4	5	6	2	82	280	0	0	0	0	362
88	Pct 7046	88	1	2	3	4	5	6	2	52	136	0	0	0	0	188
89	Pct 7047	89	1	2	3	4	5	6	2	66	295	0	0	0	0	361
90	Pct 7048	90	1	2	3	4	5	6	2	92	244	0	0	0	0	336
91	Pct 7049	91	1	2	3	4	5	6	2	104	234	0	0	0	0	338
92	Pct 7051	92	1	2	3	4	5	6	2	65	296	0	0	0	0	361
93	Pct 7052	93	1	2	3	4	5	6	2	116	275	0	0	0	0	391
94	Pct 7053	94	1	2	3	4	5	6	2	39	204	0	0	0	0	243
95	Pct 7054	95	1	2	3	4	5	6	2	132	273	0	0	0	0	405
96	Pct 7055	96	1	2	3	4	5	6	2	74	255	0	0	0	0	329
97	Pct 7101 MB	97	1	2	3	4	5	6	2	0	83	0	0	0	0	83
98	Pct 7201	98	1	2	3	4	5	6	2	141	331	0	0	0	0	472
99	Pct 7202	99	1	2	3	4	5	6	2	131	269	0	0	0	0	400
100	Pct 7203	100	1	2	3	4	5	6	2	141	240	0	0	0	0	381
101	Pct 7204	101	1	2	3	4	5	6	2	151	338	0	0	0	0	489
102	Pct 7205	102	1	2	3	4	5	6	2	178	308	0	0	0	0	486
103	Pct 7206	103	1	2	3	4	5	6	2	79	124	0	0	0	0	203
104	Pct 7207	104	1	2	3	4	5	6	2	107	227	0	0	0	0	334
105	Pct 7208	105	1	2	3	4	5	6	2	73	206	0	0	0	0	279
106	Pct 7209	106	1	2	3	4	5	6	2	63	325	0	0	0	0	388
107	Pct 7301	107	1	2	3	4	5	6	2	143	294	0	0	0	0	437
108	Pct 7302	108	1	2	3	4	5	6	2	114	350	0	0	0	0	464
109	Pct 7303	109	1	2	3	4	5	6	2	164	316	0	0	0	0	480
110	Pct 7304	110	1	2	3	4	5	6	2	198	329	0	0	0	0	527
111	Pct 7305	111	1	2	3	4	5	6	2	165	302	0	0	0	0	467
112	Pct 7306	112	1	2	3	4	5	6	2	171	300	0	0	0	0	471
113	Pct 7307	113	1	2	3	4	5	6	2	139	224	0	0	0	0	363
114	Pct 7308	114	1	2	3	4	5	6	2	130	202	0	0	0	0	332
115	Pct 7309	115	1	2	3	4	5	6	2	154	208	0	0	0	0	362
116	Pct 7311	116	1	2	3	4	5	6	2	167	262	0	0	0	0	429
117	Pct 7312	117	1	2	3	4	5	6	2	121	331	0	0	0	0	452
118	Pct 7313	118	1	2	3	4	5	6	2	130	315	0	0	0	0	445
119	Pct 7314	119	1	2	3	4	5	6	2	75	210	0	0	0	0	285
120	Pct 7315	120	1	2	3	4	5	6	2	117	177	0	0	0	0	294
121	Pct 7316	121	1	2	3	4	5	6	2	116	265	0	0	0	0	381
122	Pct 7317	122	1	2	3	4	5	6	2	114	339	0	0	0	0	453
123	Pct 7318	123	1	2	3	4	5	6	2	118	242	0	0	0	0	360
124	Pct 7319	124	1	2	3	4	5	6	2	174	294	0	0	0	0	468
125	Pct 7321	125	1	2	3	4	5	6	2	90	210	0	0	0	0	300
126	Pct 7322	126	1	2	3	4	5	6	2	49	301	0	0	0	0	350
127	Pct 7323	127	1	2	3	4	5	6	2	136	273	0	0	0	0	409
128	Pct 7324	128	1	2	3	4	5	6	2	122	197	0	0	0	0	319
129	Pct 7325	129	1	2	3	4	5	6	2	140	271	0	0	0	0	411
130	Pct 7326	130	1	2	3	4	5	6	2	142	253	0	0	0	0	395
131	Pct 7327	131	1	2	3	4	5	6	2	57	273	0	0	0	0	330
132	Pct 7328	132	1	2	3	4	5	6	2	61	385	0	0	0	0	446
133	Pct 7329	133	1	2	3	4	5	6	2	68	204	0	0	0	0	272
134	Pct 7331	134	1	2	3	4	5	6	2	127	356	0	0	0	0	483
135	Pct 7332	135	1	2	3	4	5	6	2	141	208	0	0	0	0	349
136	Pct 7333	136	1	2	3	4	5	6	2	166	317	0	0	0	0	483
137	Pct 7334	137	1	2	3	4	5	6	2	108	273	0	0	0	0	381
138	Pct 7335	138	1	2	3	4	5	6	2	142	352	0	0	0	0	494
139	Pct 7336	139	1	2	3	4	5	6	2	148	321	0	0	0	0	469
140	Pct 7337	140	1	2	3	4	5	6	2	107	303	0	0	0	0	410
141	Pct 7338	141	1	2	3	4	5	6	2	92	359	0	0	0	0	451
142	Pct 7339	142	1	2	3	4	5	6	2	106	179	0	0	0	0	285
143	Pct 7341	143	1	2	3	4	5	6	2	114	245	0	0	0	0	359
144	Pct 7342	144	1	2	3	4	5	6	2	192	249	0	0	0	0	441
145	Pct 7343	145	1	2	3	4	5	6	2	138	181	0	0	0	0	319
146	Pct 7344	146	1	2	3	4	5	6	2	167	332	0	0	0	0	499
147	Pct 7345	147	1	2	3	4	5	6	2	172	282	0	0	0	0	454
148	Pct 7346	148	1	2	3	4	5	6	2	156	219	0	0	0	0	375
149	Pct 7347	149	1	2	3	4	5	6	2	108	276	0	0	0	0	384
150	Pct 7348	150	1	2	3	4	5	6	2	125	197	0	0	0	0	322
151	Pct 7349	151	1	2	3	4	5	6	2	135	278	0	0	0	0	413
152	Pct 7501	152	1	2	3	4	5	6	2	114	168	0	0	0	0	282
153	Pct 7502	153	1	2	3	4	5	6	2	107	348	0	0	0	0	455
154	Pct 7503	154	1	2	3	4	5	6	2	119	224	0	0	0	0	343
155	Pct 7504	155	1	2	3	4	5	6	2	68	157	0	0	0	0	225
156	Pct 7505	156	1	2	3	4	5	6	2	127	416	0	0	0	0	543
157	Pct 7506	157	1	2	3	4	5	6	2	118	247	0	0	0	0	365
158	Pct 7507	158	1	2	3	4	5	6	2	136	248	0	0	0	0	384
159	Pct 7508	159	1	2	3	4	5	6	2	100	338	0	0	0	0	438
160	Pct 7509/7511	160	1	2	3	4	5	6	2	156	313	0	0	0	0	469
161	Pct 7512	161	1	2	3	4	5	6	2	88	195	0	0	0	0	283
162	Pct 7513	162	1	2	3	4	5	6	2	131	200	0	0	0	0	331
163	Pct 7514	163	1	2	3	4	5	6	2	82	230	0	0	0	0	312
164	Pct 7515	164	1	2	3	4	5	6	2	143	284	0	0	0	0	427
165	Pct 7516	165	1	2	3	4	5	6	2	131	376	0	0	0	0	507
166	Pct 7517	166	1	2	3	4	5	6	2	220	248	0	0	0	0	468
167	Pct 7518	167	1	2	3	4	5	6	2	226	297	0	0	0	0	523
168	Pct 7519	168	1	2	3	4	5	6	2	166	184	0	0	0	0	350
169	Pct 7521	169	1	2	3	4	5	6	2	204	213	0	0	0	0	417
170	Pct 7522	170	1	2	3	4	5	6	2	168	235	0	0	0	0	403
171	Pct 7523	171	1	2	3	4	5	6	2	198	222	0	0	0	0	420
172	Pct 7524	172	1	2	3	4	5	6	2	131	162	0	0	0	0	293
173	Pct 7525	173	1	2	3	4	5	6	2	128	212	0	0	0	0	340
174	Pct 7526	174	1	2	3	4	5	6	2	182	310	0	0	0	0	492
175	Pct 7527/7528	175	1	2	3	4	5	6	2	150	235	0	0	0	0	385
176	Pct 7529	176	1	2	3	4	5	6	2	201	298	0	0	0	0	499
177	Pct 7531	177	1	2	3	4	5	6	2	165	262	0	0	0	0	427
178	Pct 7532	178	1	2	3	4	5	6	2	164	225	0	0	0	0	389
179	Pct 7533	179	1	2	3	4	5	6	2	249	296	0	0	0	0	545
180	Pct 7534	180	1	2	3	4	5	6	2	223	238	0	0	0	0	461
181	Pct 7535	181	1	2	3	4	5	6	2	198	249	0	0	0	0	447
182	Pct 7536	182	1	2	3	4	5	6	2	193	278	0	0	0	0	471
183	Pct 7537	183	1	2	3	4	5	6	2	177	223	0	0	0	0	400
184	Pct 7538	184	1	2	3	4	5	6	2	216	253	0	0	0	0	469
185	Pct 7539	185	1	2	3	4	5	6	2	238	283	0	0	0	0	521
186	Pct 7541	186	1	2	3	4	5	6	2	201	245	0	0	0	0	446
187	Pct 7542	187	1	2	3	4	5	6	2	173	246	0	0	0	0	419
188	Pct 7543	188	1	2	3	4	5	6	2	174	330	0	0	0	0	504
189	Pct 7544	189	1	2	3	4	5	6	2	180	329	0	0	0	0	509
190	Pct 7545	190	1	2	3	4	5	6	2	168	285	0	0	0	0	453
191	Pct 7546	191	1	2	3	4	5	6	2	210	310	0	0	0	0	520
192	Pct 7547	192	1	2	3	4	5	6	2	227	319	0	0	0	0	546
193	Pct 7548	193	1	2	3	4	5	6	2	226	342	0	0	0	0	568
194	Pct 7549	194	1	2	3	4	5	6	2	159	281	0	0	0	0	440
195	Pct 7551	195	1	2	3	4	5	6	2	191	238	0	0	0	0	429
196	Pct 7552	196	1	2	3	4	5	6	2	183	230	0	0	0	0	413
197	Pct 7553 MB	197	1	2	3	4	5	6	2	1	87	0	0	0	0	88
198	Pct 7554	198	1	2	3	4	5	6	2	173	321	0	0	0	0	494
199	Pct 7555	199	1	2	3	4	5	6	2	234	300	0	0	0	0	534
200	Pct 7556/7557	200	1	2	3	4	5	6	2	215	418	0	0	0	0	633
201	Pct 7601	201	1	2	3	4	5	6	2	114	184	0	0	0	0	298
202	Pct 7602	202	1	2	3	4	5	6	2	131	238	0	0	0	0	369
203	Pct 7603	203	1	2	3	4	5	6	2	141	214	0	0	0	0	355
204	Pct 7604	204	1	2	3	4	5	6	2	122	231	0	0	0	0	353
205	Pct 7605	205	1	2	3	4	5	6	2	69	154	0	0	0	0	223
206	Pct 7606	206	1	2	3	4	5	6	2	120	208	0	0	0	0	328
207	Pct 7607	207	1	2	3	4	5	6	2	107	262	0	0	0	0	369
208	Pct 7608	208	1	2	3	4	5	6	2	43	119	0	0	0	0	162
209	Pct 7609	209	1	2	3	4	5	6	2	81	295	0	0	0	0	376
210	Pct 7611	210	1	2	3	4	5	6	2	64	203	0	0	0	0	267
211	Pct 7612	211	1	2	3	4	5	6	2	73	208	0	0	0	0	281
212	Pct 7613	212	1	2	3	4	5	6	2	119	213	0	0	0	0	332
213	Pct 7614	213	1	2	3	4	5	6	2	102	233	0	0	0	0	335
214	Pct 7615	214	1	2	3	4	5	6	2	97	166	0	0	0	0	263
215	Pct 7616	215	1	2	3	4	5	6	2	109	327	0	0	0	0	436
216	Pct 7617	216	1	2	3	4	5	6	2	76	216	0	0	0	0	292
217	Pct 7618	217	1	2	3	4	5	6	2	109	267	0	0	0	0	376
218	Pct 7619	218	1	2	3	4	5	6	2	130	304	0	0	0	0	434
219	Pct 7621	219	1	2	3	4	5	6	2	143	344	0	0	0	0	487
220	Pct 7622	220	1	2	3	4	5	6	2	87	190	0	0	0	0	277
221	Pct 7623	221	1	2	3	4	5	6	2	110	196	0	0	0	0	306
222	Pct 7624	222	1	2	3	4	5	6	2	93	194	0	0	0	0	287
223	Pct 7625	223	1	2	3	4	5	6	2	60	414	0	0	0	0	474
224	Pct 7626	224	1	2	3	4	5	6	2	120	358	0	0	0	0	478
225	Pct 7627	225	1	2	3	4	5	6	2	110	316	0	0	0	0	426
226	Pct 7628	226	1	2	3	4	5	6	2	144	266	0	0	0	0	410
227	Pct 7629	227	1	2	3	4	5	6	2	100	206	0	0	0	0	306
228	Pct 7631	228	1	2	3	4	5	6	2	136	335	0	0	0	0	471
229	Pct 7632	229	1	2	3	4	5	6	2	150	283	0	0	0	0	433
230	Pct 7633	230	1	2	3	4	5	6	2	85	251	0	0	0	0	336
231	Pct 7634	231	1	2	3	4	5	6	2	110	288	0	0	0	0	398
232	Pct 7635	232	1	2	3	4	5	6	2	83	237	0	0	0	0	320
233	Pct 7636	233	1	2	3	4	5	6	2	119	250	0	0	0	0	369
234	Pct 7637	234	1	2	3	4	5	6	2	88	248	0	0	0	0	336
235	Pct 7638	235	1	2	3	4	5	6	2	118	489	0	0	0	0	607
236	Pct 7639	236	1	2	3	4	5	6	2	98	318	0	0	0	0	416
237	Pct 7641	237	1	2	3	4	5	6	2	111	374	0	0	0	0	485
238	Pct 7642	238	1	2	3	4	5	6	2	81	267	0	0	0	0	348
239	Pct 7643	239	1	2	3	4	5	6	2	97	352	0	0	0	0	449
240	Pct 7644	240	1	2	3	4	5	6	2	148	290	0	0	0	0	438
241	Pct 7645	241	1	2	3	4	5	6	2	60	238	0	0	0	0	298
242	Pct 7646	242	1	2	3	4	5	6	2	101	323	0	0	0	0	424
243	Pct 7647	243	1	2	3	4	5	6	2	99	181	0	0	0	0	280
244	Pct 7648 MB	244	1	2	3	4	5	6	2	0	0	0	0	0	0	0
245	Pct 7649	245	1	2	3	4	5	6	2	80	232	0	0	0	0	312
246	Pct 7651	246	1	2	3	4	5	6	2	45	155	0	0	0	0	200
247	Pct 7652	247	1	2	3	4	5	6	2	66	162	0	0	0	0	228
248	Pct 7653	248	1	2	3	4	5	6	2	126	321	0	0	0	0	447
249	Pct 7701	249	1	2	3	4	5	6	2	215	379	0	0	0	0	594
250	Pct 7702	250	1	2	3	4	5	6	2	112	301	0	0	0	0	413
251	Pct 7703 MB	251	1	2	3	4	5	6	2	0	65	0	0	0	0	65
252	Pct 7704	252	1	2	3	4	5	6	2	203	393	0	0	0	0	596
253	Pct 7705	253	1	2	3	4	5	6	2	119	226	0	0	0	0	345
254	Pct 7706	254	1	2	3	4	5	6	2	184	341	0	0	0	0	525
255	Pct 7707	255	1	2	3	4	5	6	2	193	373	0	0	0	0	566
256	Pct 7708	256	1	2	3	4	5	6	2	175	398	0	0	0	0	573
257	Pct 7709	257	1	2	3	4	5	6	2	81	173	0	0	0	0	254
258	Pct 7711	258	1	2	3	4	5	6	2	154	341	0	0	0	0	495
259	Pct 7712	259	1	2	3	4	5	6	2	124	230	0	0	0	0	354
260	Pct 7801	260	1	2	3	4	5	6	2	225	424	0	0	0	0	649
261	Pct 7802	261	1	2	3	4	5	6	2	191	312	0	0	0	0	503
262	Pct 7803	262	1	2	3	4	5	6	2	139	411	0	0	0	0	550
263	Pct 7804	263	1	2	3	4	5	6	2	226	393	0	0	0	0	619
264	Pct 7805	264	1	2	3	4	5	6	2	167	345	0	0	0	0	512
265	Pct 7806	265	1	2	3	4	5	6	2	155	281	0	0	0	0	436
266	Pct 7807	266	1	2	3	4	5	6	2	217	270	0	0	0	0	487
267	Pct 7808	267	1	2	3	4	5	6	2	176	241	0	0	0	0	417
268	Pct 7809	268	1	2	3	4	5	6	2	150	264	0	0	0	0	414
269	Pct 7811	269	1	2	3	4	5	6	2	181	241	0	0	0	0	422
270	Pct 7812	270	1	2	3	4	5	6	2	201	290	0	0	0	0	491
271	Pct 7813	271	1	2	3	4	5	6	2	234	361	0	0	0	0	595
272	Pct 7814	272	1	2	3	4	5	6	2	163	221	0	0	0	0	384
273	Pct 7815	273	1	2	3	4	5	6	2	175	403	0	0	0	0	578
274	Pct 7816	274	1	2	3	4	5	6	2	195	389	0	0	0	0	584
275	Pct 7817	275	1	2	3	4	5	6	2	212	308	0	0	0	0	520
276	Pct 7818	276	1	2	3	4	5	6	2	150	330	0	0	0	0	480
277	Pct 7819	277	1	2	3	4	5	6	2	154	296	0	0	0	0	450
278	Pct 7821	278	1	2	3	4	5	6	2	226	437	0	0	0	0	663
279	Pct 7822	279	1	2	3	4	5	6	2	236	335	0	0	0	0	571
280	Pct 7823	280	1	2	3	4	5	6	2	226	345	0	0	0	0	571
281	Pct 7824	281	1	2	3	4	5	6	2	161	273	0	0	0	0	434
282	Pct 7825	282	1	2	3	4	5	6	2	154	214	0	0	0	0	368
283	Pct 7826	283	1	2	3	4	5	6	2	207	190	0	0	0	0	397
284	Pct 7827	284	1	2	3	4	5	6	2	181	252	0	0	0	0	433
285	Pct 7828	285	1	2	3	4	5	6	2	198	394	0	0	0	0	592
286	Pct 7829	286	1	2	3	4	5	6	2	191	391	0	0	0	0	582
287	Pct 7831	287	1	2	3	4	5	6	2	193	369	0	0	0	0	562
288	Pct 7832	288	1	2	3	4	5	6	2	155	343	0	0	0	0	498
289	Pct 7833	289	1	2	3	4	5	6	2	174	268	0	0	0	0	442
290	Pct 7834	290	1	2	3	4	5	6	2	214	285	0	0	0	0	499
291	Pct 7835	291	1	2	3	4	5	6	2	164	336	0	0	0	0	500
292	Pct 7836	292	1	2	3	4	5	6	2	194	419	0	0	0	0	613
293	Pct 7837	293	1	2	3	4	5	6	2	216	335	0	0	0	0	551
294	Pct 7838	294	1	2	3	4	5	6	2	201	410	0	0	0	0	611
295	Pct 7839	295	1	2	3	4	5	6	2	169	387	0	0	0	0	556
296	Pct 7841	296	1	2	3	4	5	6	2	229	352	0	0	0	0	581
297	Pct 7842	297	1	2	3	4	5	6	2	191	308	0	0	0	0	499
298	Pct 7843	298	1	2	3	4	5	6	2	180	265	0	0	0	0	445
299	Pct 7844	299	1	2	3	4	5	6	2	155	242	0	0	0	0	397
300	Pct 7845	300	1	2	3	4	5	6	2	198	314	0	0	0	0	512
301	Pct 7846	301	1	2	3	4	5	6	2	214	326	0	0	0	0	540
302	Pct 7847	302	1	2	3	4	5	6	2	205	356	0	0	0	0	561
303	Pct 7848	303	1	2	3	4	5	6	2	201	344	0	0	0	0	545
304	Pct 7849	304	1	2	3	4	5	6	2	230	352	0	0	0	0	582
305	Pct 7851	305	1	2	3	4	5	6	2	116	204	0	0	0	0	320
306	Pct 7852	306	1	2	3	4	5	6	2	99	301	0	0	0	0	400
307	Pct 7853	307	1	2	3	4	5	6	2	170	332	0	0	0	0	502
308	Pct 7854	308	1	2	3	4	5	6	2	209	345	0	0	0	0	554
309	Pct 7855	309	1	2	3	4	5	6	2	252	351	0	0	0	0	603
310	Pct 7856	310	1	2	3	4	5	6	2	198	312	0	0	0	0	510
311	Pct 7857	311	1	2	3	4	5	6	2	214	347	0	0	0	0	561
312	Pct 7858	312	1	2	3	4	5	6	2	181	251	0	0	0	0	432
313	Pct 7859	313	1	2	3	4	5	6	2	210	350	0	0	0	0	560
314	Pct 7861	314	1	2	3	4	5	6	2	177	364	0	0	0	0	541
315	Pct 7862	315	1	2	3	4	5	6	2	232	323	0	0	0	0	555
316	Pct 7863	316	1	2	3	4	5	6	2	230	298	0	0	0	0	528
317	Pct 7864	317	1	2	3	4	5	6	2	179	284	0	0	0	0	463
318	Pct 7865	318	1	2	3	4	5	6	2	171	309	0	0	0	0	480
319	Pct 7866	319	1	2	3	4	5	6	2	182	388	0	0	0	0	570
320	Pct 7867	320	1	2	3	4	5	6	2	207	384	0	0	0	0	591
321	Pct 7868	321	1	2	3	4	5	6	2	209	320	0	0	0	0	529
322	Pct 7869	322	1	2	3	4	5	6	2	199	375	0	0	0	0	574
323	Pct 7871	323	1	2	3	4	5	6	2	234	363	0	0	0	0	597
324	Pct 7872	324	1	2	3	4	5	6	2	221	369	0	0	0	0	590
325	Pct 7873	325	1	2	3	4	5	6	2	224	385	0	0	0	0	609
326	Pct 7874	326	1	2	3	4	5	6	2	83	173	0	0	0	0	256
327	Pct 7875	327	1	2	3	4	5	6	2	123	202	0	0	0	0	325
328	Pct 7876	328	1	2	3	4	5	6	2	98	147	0	0	0	0	245
329	Pct 7901	329	1	2	3	4	5	6	2	78	129	0	0	0	0	207
330	Pct 7902	330	1	2	3	4	5	6	2	174	254	0	0	0	0	428
331	Pct 7903	331	1	2	3	4	5	6	2	142	240	0	0	0	0	382
332	Pct 7904	332	1	2	3	4	5	6	2	122	248	0	0	0	0	370
333	Pct 7905	333	1	2	3	4	5	6	2	191	269	0	0	0	0	460
334	Pct 7906	334	1	2	3	4	5	6	2	153	212	0	0	0	0	365
335	Pct 7907	335	1	2	3	4	5	6	2	191	284	0	0	0	0	475
336	Pct 7908	336	1	2	3	4	5	6	2	179	262	0	0	0	0	441
337	Pct 7909	337	1	2	3	4	5	6	2	182	219	0	0	0	0	401
338	Pct 7911	338	1	2	3	4	5	6	2	166	249	0	0	0	0	415
339	Pct 7912	339	1	2	3	4	5	6	2	193	310	0	0	0	0	503
340	Pct 7913	340	1	2	3	4	5	6	2	231	242	0	0	0	0	473
341	Pct 7914	341	1	2	3	4	5	6	2	191	253	0	0	0	0	444
342	Pct 7915	342	1	2	3	4	5	6	2	201	219	0	0	0	0	420
343	Pct 7916	343	1	2	3	4	5	6	2	208	286	0	0	0	0	494
344	Pct 7917	344	1	2	3	4	5	6	2	246	279	0	0	0	0	525
345	Pct 7918	345	1	2	3	4	5	6	2	181	230	0	0	0	0	411
346	Pct 7919	346	1	2	3	4	5	6	2	204	241	0	0	0	0	445
347	Pct 7921	347	1	2	3	4	5	6	2	143	207	0	0	0	0	350
348	Pct 7922	348	1	2	3	4	5	6	2	171	240	0	0	0	0	411
349	Pct 7923	349	1	2	3	4	5	6	2	193	240	0	0	0	0	433
350	Pct 7924	350	1	2	3	4	5	6	2	161	247	0	0	0	0	408
351	Pct 7925	351	1	2	3	4	5	6	2	104	190	0	0	0	0	294
352	Pct 7926	352	1	2	3	4	5	6	2	170	295	0	0	0	0	465
353	Pct 7927	353	1	2	3	4	5	6	2	185	286	0	0	0	0	471
354	Pct 7928	354	1	2	3	4	5	6	2	220	296	0	0	0	0	516
355	Pct 7929	355	1	2	3	4	5	6	2	150	366	0	0	0	0	516
356	Pct 7931	356	1	2	3	4	5	6	2	183	315	0	0	0	0	498
357	Pct 7932	357	1	2	3	4	5	6	2	108	224	0	0	0	0	332
358	Pct 7933 MB	358	1	2	3	4	5	6	2	0	4	0	0	0	0	4
359	Pct 7934	359	1	2	3	4	5	6	2	187	326	0	0	0	0	513
360	Pct 7935	360	1	2	3	4	5	6	2	280	368	0	0	0	0	648
361	Pct 7936	361	1	2	3	4	5	6	2	243	324	0	0	0	0	567
362	Pct 7937	362	1	2	3	4	5	6	2	217	304	0	0	0	0	521
363	Pct 7938	363	1	2	3	4	5	6	2	158	245	0	0	0	0	403
364	Pct 7939	364	1	2	3	4	5	6	2	179	228	0	0	0	0	407
365	Pct 7941	365	1	2	3	4	5	6	2	161	235	0	0	0	0	396
366	Pct 7942	366	1	2	3	4	5	6	2	163	284	0	0	0	0	447
367	Pct 7943	367	1	2	3	4	5	6	2	187	316	0	0	0	0	503
368	Pct 7944	368	1	2	3	4	5	6	2	195	234	0	0	0	0	429
369	Pct 7945	369	1	2	3	4	5	6	2	105	292	0	0	0	0	397
370	Pct 7946	370	1	2	3	4	5	6	2	126	343	0	0	0	0	469
371	Pct 7947	371	1	2	3	4	5	6	2	119	324	0	0	0	0	443
372	Pct 7948	372	1	2	3	4	5	6	2	152	310	0	0	0	0	462
373	Pct 7949	373	1	2	3	4	5	6	2	75	224	0	0	0	0	299
374	Pct 7951	374	1	2	3	4	5	6	2	89	337	0	0	0	0	426
375	Pct 7952	375	1	2	3	4	5	6	2	93	288	0	0	0	0	381
376	Pct 7953	376	1	2	3	4	5	6	2	94	291	0	0	0	0	385
377	Pct 7954 MB	377	1	2	3	4	5	6	2	0	0	0	0	0	0	0
378	Pct 7955	378	1	2	3	4	5	6	2	114	317	0	0	0	0	431
379	Pct 7956	379	1	2	3	4	5	6	2	95	247	0	0	0	0	342
380	Pct 7957	380	1	2	3	4	5	6	2	94	216	0	0	0	0	310
381	Pct 7958 MB	381	1	2	3	4	5	6	2	8	102	0	0	0	0	110
382	Pct 7959	382	1	2	3	4	5	6	2	95	188	0	0	0	0	283
383	Pct 9001 MB	383	1	2	3	4	5	6	2	0	101	0	0	0	0	101
384	Pct 9101	384	1	2	3	4	5	6	2	180	323	0	0	0	0	503
385	Pct 9102	385	1	2	3	4	5	6	2	173	333	0	0	0	0	506
386	Pct 9103	386	1	2	3	4	5	6	2	171	299	0	0	0	0	470
387	Pct 9104	387	1	2	3	4	5	6	2	169	328	0	0	0	0	497
388	Pct 9105	388	1	2	3	4	5	6	2	190	337	0	0	0	0	527
389	Pct 9106	389	1	2	3	4	5	6	2	210	332	0	0	0	0	542
390	Pct 9107	390	1	2	3	4	5	6	2	156	243	0	0	0	0	399
391	Pct 9108	391	1	2	3	4	5	6	2	180	220	0	0	0	0	400
392	Pct 9109	392	1	2	3	4	5	6	2	197	284	0	0	0	0	481
393	Pct 9111	393	1	2	3	4	5	6	2	143	226	0	0	0	0	369
394	Pct 9112	394	1	2	3	4	5	6	2	205	292	0	0	0	0	497
395	Pct 9113	395	1	2	3	4	5	6	2	220	348	0	0	0	0	568
396	Pct 9114	396	1	2	3	4	5	6	2	164	270	0	0	0	0	434
397	Pct 9115	397	1	2	3	4	5	6	2	169	287	0	0	0	0	456
398	Pct 9116	398	1	2	3	4	5	6	2	185	313	0	0	0	0	498
399	Pct 9117	399	1	2	3	4	5	6	2	176	284	0	0	0	0	460
400	Pct 9118	400	1	2	3	4	5	6	2	175	267	0	0	0	0	442
401	Pct 9119	401	1	2	3	4	5	6	2	143	322	0	0	0	0	465
402	Pct 9121	402	1	2	3	4	5	6	2	181	271	0	0	0	0	452
403	Pct 9122	403	1	2	3	4	5	6	2	122	291	0	0	0	0	413
404	Pct 9123	404	1	2	3	4	5	6	2	166	267	0	0	0	0	433
405	Pct 9124	405	1	2	3	4	5	6	2	142	288	0	0	0	0	430
406	Pct 9125	406	1	2	3	4	5	6	2	153	299	0	0	0	0	452
407	Pct 9126	407	1	2	3	4	5	6	2	179	348	0	0	0	0	527
408	Pct 9127	408	1	2	3	4	5	6	2	198	313	0	0	0	0	511
409	Pct 9128	409	1	2	3	4	5	6	2	184	294	0	0	0	0	478
410	Pct 9129	410	1	2	3	4	5	6	2	170	221	0	0	0	0	391
411	Pct 9131	411	1	2	3	4	5	6	2	144	271	0	0	0	0	415
412	Pct 9132	412	1	2	3	4	5	6	2	155	249	0	0	0	0	404
413	Pct 9133	413	1	2	3	4	5	6	2	182	384	0	0	0	0	566
414	Pct 9134	414	1	2	3	4	5	6	2	123	294	0	0	0	0	417
415	Pct 9135	415	1	2	3	4	5	6	2	143	269	0	0	0	0	412
416	Pct 9136	416	1	2	3	4	5	6	2	183	283	0	0	0	0	466
417	Pct 9137	417	1	2	3	4	5	6	2	195	322	0	0	0	0	517
418	Pct 9138	418	1	2	3	4	5	6	2	145	323	0	0	0	0	468
419	Pct 9139	419	1	2	3	4	5	6	2	156	353	0	0	0	0	509
420	Pct 9141	420	1	2	3	4	5	6	2	165	327	0	0	0	0	492
421	Pct 9142	421	1	2	3	4	5	6	2	215	287	0	0	0	0	502
422	Pct 9143	422	1	2	3	4	5	6	2	188	303	0	0	0	0	491
423	Pct 9144	423	1	2	3	4	5	6	2	212	318	0	0	0	0	530
424	Pct 9145	424	1	2	3	4	5	6	2	191	280	0	0	0	0	471
425	Pct 9146	425	1	2	3	4	5	6	2	201	296	0	0	0	0	497
426	Pct 9147	426	1	2	3	4	5	6	2	220	314	0	0	0	0	534
427	Pct 9148	427	1	2	3	4	5	6	2	216	321	0	0	0	0	537
428	Pct 9149	428	1	2	3	4	5	6	2	182	291	0	0	0	0	473
429	Pct 9151	429	1	2	3	4	5	6	2	146	266	0	0	0	0	412
430	Pct 9152	430	1	2	3	4	5	6	2	54	134	0	0	0	0	188
431	Pct 9201	431	1	2	3	4	5	6	2	189	226	0	0	0	0	415
432	Pct 9202	432	1	2	3	4	5	6	2	176	216	0	0	0	0	392
433	Pct 9203	433	1	2	3	4	5	6	2	143	299	0	0	0	0	442
434	Pct 9204	434	1	2	3	4	5	6	2	143	223	0	0	0	0	366
435	Pct 9205	435	1	2	3	4	5	6	2	106	199	0	0	0	0	305
436	Pct 9206	436	1	2	3	4	5	6	2	131	293	0	0	0	0	424
437	Pct 9207	437	1	2	3	4	5	6	2	143	247	0	0	0	0	390
438	Pct 9208	438	1	2	3	4	5	6	2	144	236	0	0	0	0	380
439	Pct 9209	439	1	2	3	4	5	6	2	118	188	0	0	0	0	306
440	Pct 9211	440	1	2	3	4	5	6	2	127	210	0	0	0	0	337
441	Pct 9212	441	1	2	3	4	5	6	2	119	203	0	0	0	0	322
442	Pct 9213	442	1	2	3	4	5	6	2	136	259	0	0	0	0	395
443	Pct 9214	443	1	2	3	4	5	6	2	90	203	0	0	0	0	293
444	Pct 9215	444	1	2	3	4	5	6	2	128	169	0	0	0	0	297
445	Pct 9216	445	1	2	3	4	5	6	2	128	202	0	0	0	0	330
446	Pct 9217	446	1	2	3	4	5	6	2	119	186	0	0	0	0	305
447	Pct 9218	447	1	2	3	4	5	6	2	116	225	0	0	0	0	341
448	Pct 9219	448	1	2	3	4	5	6	2	139	184	0	0	0	0	323
449	Pct 9221	449	1	2	3	4	5	6	2	116	275	0	0	0	0	391
450	Pct 9222	450	1	2	3	4	5	6	2	134	267	0	0	0	0	401
451	Pct 9223	451	1	2	3	4	5	6	2	85	201	0	0	0	0	286
452	Pct 9224	452	1	2	3	4	5	6	2	166	306	0	0	0	0	472
453	Pct 9225	453	1	2	3	4	5	6	2	156	242	0	0	0	0	398
454	Pct 9226	454	1	2	3	4	5	6	2	138	306	0	0	0	0	444
455	Pct 9227	455	1	2	3	4	5	6	2	135	301	0	0	0	0	436
456	Pct 9228	456	1	2	3	4	5	6	2	170	275	0	0	0	0	445
457	Pct 9229	457	1	2	3	4	5	6	2	123	215	0	0	0	0	338
458	Pct 9231	458	1	2	3	4	5	6	2	208	289	0	0	0	0	497
459	Pct 9232	459	1	2	3	4	5	6	2	139	271	0	0	0	0	410
460	Pct 9233	460	1	2	3	4	5	6	2	136	305	0	0	0	0	441
461	Pct 9234	461	1	2	3	4	5	6	2	124	278	0	0	0	0	402
462	Pct 9235	462	1	2	3	4	5	6	2	167	295	0	0	0	0	462
463	Pct 9236	463	1	2	3	4	5	6	2	125	207	0	0	0	0	332
464	Pct 9237	464	1	2	3	4	5	6	2	140	327	0	0	0	0	467
465	Pct 9238	465	1	2	3	4	5	6	2	126	271	0	0	0	0	397
466	Pct 9239	466	1	2	3	4	5	6	2	115	317	0	0	0	0	432
467	Pct 9241	467	1	2	3	4	5	6	2	143	311	0	0	0	0	454
468	Pct 9242	468	1	2	3	4	5	6	2	150	298	0	0	0	0	448
469	Pct 9243	469	1	2	3	4	5	6	2	127	185	0	0	0	0	312
470	Pct 9244	470	1	2	3	4	5	6	2	146	266	0	0	0	0	412
471	Pct 9245	471	1	2	3	4	5	6	2	119	224	0	0	0	0	343
472	Pct 9246	472	1	2	3	4	5	6	2	134	296	0	0	0	0	430
473	Pct 9247	473	1	2	3	4	5	6	2	148	301	0	0	0	0	449
474	Pct 9248	474	1	2	3	4	5	6	2	171	280	0	0	0	0	451
475	Pct 9249	475	1	2	3	4	5	6	2	186	313	0	0	0	0	499
476	Pct 9251	476	1	2	3	4	5	6	2	201	340	0	0	0	0	541
477	Pct 9252	477	1	2	3	4	5	6	2	129	348	0	0	0	0	477
478	Pct 9253	478	1	2	3	4	5	6	2	132	269	0	0	0	0	401
479	Pct 9254	479	1	2	3	4	5	6	2	161	316	0	0	0	0	477
480	Pct 9255	480	1	2	3	4	5	6	2	121	125	0	0	0	0	246
481	Pct 9256	481	1	2	3	4	5	6	2	75	102	0	0	0	0	177
482	Pct 9257 MB	482	1	2	3	4	5	6	2	4	148	0	0	0	0	152
483	Pct 9258	483	1	2	3	4	5	6	2	116	242	0	0	0	0	358
484	Pct 9401	484	1	2	3	4	5	6	2	188	291	0	0	0	0	479
485	Pct 9402	485	1	2	3	4	5	6	2	186	301	0	0	0	0	487
486	Pct 9403	486	1	2	3	4	5	6	2	160	281	0	0	0	0	441
487	Pct 9404	487	1	2	3	4	5	6	2	139	316	0	0	0	0	455
488	Pct 9405	488	1	2	3	4	5	6	2	148	240	0	0	0	0	388
489	Pct 9406	489	1	2	3	4	5	6	2	172	276	0	0	0	0	448
490	Pct 9407	490	1	2	3	4	5	6	2	181	281	0	0	0	0	462
491	Pct 9408	491	1	2	3	4	5	6	2	173	243	0	0	0	0	416
492	Pct 9409	492	1	2	3	4	5	6	2	137	170	0	0	0	0	307
493	Pct 9411	493	1	2	3	4	5	6	2	167	257	0	0	0	0	424
494	Pct 9412	494	1	2	3	4	5	6	2	156	282	0	0	0	0	438
495	Pct 9413	495	1	2	3	4	5	6	2	168	309	0	0	0	0	477
496	Pct 9414	496	1	2	3	4	5	6	2	151	305	0	0	0	0	456
497	Pct 9415	497	1	2	3	4	5	6	2	116	280	0	0	0	0	396
498	Pct 9416	498	1	2	3	4	5	6	2	189	316	0	0	0	0	505
499	Pct 9417	499	1	2	3	4	5	6	2	104	282	0	0	0	0	386
500	Pct 9418	500	1	2	3	4	5	6	2	154	262	0	0	0	0	416
501	Pct 9419	501	1	2	3	4	5	6	2	155	325	0	0	0	0	480
502	Pct 9421	502	1	2	3	4	5	6	2	142	315	0	0	0	0	457
503	Pct 9422	503	1	2	3	4	5	6	2	189	355	0	0	0	0	544
504	Pct 9423	504	1	2	3	4	5	6	2	143	290	0	0	0	0	433
505	Pct 9424	505	1	2	3	4	5	6	2	138	327	0	0	0	0	465
506	Pct 9425	506	1	2	3	4	5	6	2	128	312	0	0	0	0	440
507	Pct 9426	507	1	2	3	4	5	6	2	137	277	0	0	0	0	414
508	Pct 9427	508	1	2	3	4	5	6	2	123	330	0	0	0	0	453
509	Pct 9428	509	1	2	3	4	5	6	2	115	344	0	0	0	0	459
510	Pct 9429	510	1	2	3	4	5	6	2	168	306	0	0	0	0	474
511	Pct 9431	511	1	2	3	4	5	6	2	148	352	0	0	0	0	500
512	Pct 9432	512	1	2	3	4	5	6	2	150	306	0	0	0	0	456
513	Pct 9433	513	1	2	3	4	5	6	2	149	317	0	0	0	0	466
514	Pct 9434	514	1	2	3	4	5	6	2	179	349	0	0	0	0	528
515	Pct 9435	515	1	2	3	4	5	6	2	186	318	0	0	0	0	504
516	Pct 9436	516	1	2	3	4	5	6	2	154	336	0	0	0	0	490
517	Pct 9437	517	1	2	3	4	5	6	2	160	324	0	0	0	0	484
518	Pct 9438	518	1	2	3	4	5	6	2	123	334	0	0	0	0	457
519	Pct 9439	519	1	2	3	4	5	6	2	118	312	0	0	0	0	430
520	Pct 9441	520	1	2	3	4	5	6	2	201	336	0	0	0	0	537
521	Pct 9442	521	1	2	3	4	5	6	2	196	323	0	0	0	0	519
522	Pct 9443	522	1	2	3	4	5	6	2	134	301	0	0	0	0	435
523	Pct 9444	523	1	2	3	4	5	6	2	109	311	0	0	0	0	420
524	Pct 9445	524	1	2	3	4	5	6	2	137	339	0	0	0	0	476
525	Pct 9446	525	1	2	3	4	5	6	2	158	411	0	0	0	0	569
526	Pct 9447	526	1	2	3	4	5	6	2	164	324	0	0	0	0	488
527	Pct 9448	527	1	2	3	4	5	6	2	151	305	0	0	0	0	456
528	Pct 9449	528	1	2	3	4	5	6	2	95	302	0	0	0	0	397
529	Pct 9451	529	1	2	3	4	5	6	2	55	153	0	0	0	0	208
530	Pct 9452	530	1	2	3	4	5	6	2	173	280	0	0	0	0	453
531	Pct 9453	531	1	2	3	4	5	6	2	84	174	0	0	0	0	258
532	Pct 9501 MB	532	1	2	3	4	5	6	2	4	71	0	0	0	0	75
533	Pct 9502 MB	533	1	2	3	4	5	6	2	5	115	0	0	0	0	120
534	Pct 9503/9504	534	1	2	3	4	5	6	2	116	183	0	0	0	0	299
535	Pct 9505	535	1	2	3	4	5	6	2	128	272	0	0	0	0	400
536	Pct 9506	536	1	2	3	4	5	6	2	123	209	0	0	0	0	332
537	Pct 9507	537	1	2	3	4	5	6	2	157	217	0	0	0	0	374
538	Pct 9508	538	1	2	3	4	5	6	2	162	253	0	0	0	0	415
539	Pct 9509	539	1	2	3	4	5	6	2	155	237	0	0	0	0	392
540	Pct 9511	540	1	2	3	4	5	6	2	134	177	0	0	0	0	311
541	Pct 9512	541	1	2	3	4	5	6	2	148	248	0	0	0	0	396
542	Pct 9513	542	1	2	3	4	5	6	2	188	260	0	0	0	0	448
543	Pct 9514/9522	543	1	2	3	4	5	6	2	220	256	0	0	0	0	476
544	Pct 9515	544	1	2	3	4	5	6	2	155	242	0	0	0	0	397
545	Pct 9516	545	1	2	3	4	5	6	2	175	266	0	0	0	0	441
546	Pct 9517	546	1	2	3	4	5	6	2	185	234	0	0	0	0	419
547	Pct 9518	547	1	2	3	4	5	6	2	175	241	0	0	0	0	416
548	Pct 9519	548	1	2	3	4	5	6	2	212	292	0	0	0	0	504
549	Pct 9521	549	1	2	3	4	5	6	2	245	288	0	0	0	0	533
550	Pct 9701	550	1	2	3	4	5	6	2	152	234	0	0	0	0	386
551	Pct 9702	551	1	2	3	4	5	6	2	187	230	0	0	0	0	417
552	Pct 9703	552	1	2	3	4	5	6	2	174	369	0	0	0	0	543
553	Pct 9704	553	1	2	3	4	5	6	2	184	352	0	0	0	0	536
554	Pct 9705	554	1	2	3	4	5	6	2	194	305	0	0	0	0	499
555	Pct 9706 MB	555	1	2	3	4	5	6	2	2	32	0	0	0	0	34
556	Pct 9707	556	1	2	3	4	5	6	2	114	348	0	0	0	0	462
557	Pct 9708	557	1	2	3	4	5	6	2	186	322	0	0	0	0	508
558	Pct 9709	558	1	2	3	4	5	6	2	189	352	0	0	0	0	541
559	Pct 9711	559	1	2	3	4	5	6	2	161	252	0	0	0	0	413
560	Pct 9712	560	1	2	3	4	5	6	2	130	285	0	0	0	0	415
561	Pct 9713	561	1	2	3	4	5	6	2	156	362	0	0	0	0	518
562	Pct 9714	562	1	2	3	4	5	6	2	151	361	0	0	0	0	512
563	Pct 9715	563	1	2	3	4	5	6	2	160	217	0	0	0	0	377
564	Pct 9716	564	1	2	3	4	5	6	2	187	364	0	0	0	0	551
565	Pct 9717	565	1	2	3	4	5	6	2	194	370	0	0	0	0	564
566	Pct 9718	566	1	2	3	4	5	6	2	182	382	0	0	0	0	564
567	Pct 9719	567	1	2	3	4	5	6	2	184	385	0	0	0	0	569
568	Pct 9721	568	1	2	3	4	5	6	2	176	246	0	0	0	0	422
569	Pct 9722	569	1	2	3	4	5	6	2	71	266	0	0	0	0	337
570	Pct 9723	570	1	2	3	4	5	6	2	70	197	0	0	0	0	267
571	Pct 9724	571	1	2	3	4	5	6	2	140	384	0	0	0	0	524
572	Pct 9725	572	1	2	3	4	5	6	2	116	347	0	0	0	0	463
573	Pct 9726	573	1	2	3	4	5	6	2	77	135	0	0	0	0	212
574	Pct 9727	574	1	2	3	4	5	6	2	58	204	0	0	0	0	262
575	Pct 9728	575	1	2	3	4	5	6	2	199	372	0	0	0	0	571
576	Pct 9729	576	1	2	3	4	5	6	2	156	303	0	0	0	0	459
577	Pct 9731	577	1	2	3	4	5	6	2	135	187	0	0	0	0	322
578	Pct 9732 MB	578	1	2	3	4	5	6	2	0	42	0	0	0	0	42
579	Pct 9733 MB	579	1	2	3	4	5	6	2	2	145	0	0	0	0	147
580	Pct 9734	580	1	2	3	4	5	6	2	119	261	0	0	0	0	380
581	Pct 9735	581	1	2	3	4	5	6	2	164	340	0	0	0	0	504
582	Pct 9736	582	1	2	3	4	5	6	2	143	302	0	0	0	0	445
583	Pct 9737	583	1	2	3	4	5	6	2	171	339	0	0	0	0	510
584	Pct 9738	584	1	2	3	4	5	6	2	95	263	0	0	0	0	358
585	Pct 9739	585	1	2	3	4	5	6	2	117	192	0	0	0	0	309
586	Pct 9741	586	1	2	3	4	5	6	2	18	21	0	0	0	0	39
587	Pct 9742	587	1	2	3	4	5	6	2	133	186	0	0	0	0	319
588	Pct 9743	588	1	2	3	4	5	6	2	155	317	0	0	0	0	472
589	Pct 9744	589	1	2	3	4	5	6	2	133	233	0	0	0	0	366
590	Pct 9745	590	1	2	3	4	5	6	2	132	205	0	0	0	0	337
591	Pct 9746	591	1	2	3	4	5	6	2	184	278	0	0	0	0	462
592	Pct 9747	592	1	2	3	4	5	6	2	183	321	0	0	0	0	504
593	Pct 9748	593	1	2	3	4	5	6	2	149	342	0	0	0	0	491
594	Pct 9749	594	1	2	3	4	5	6	2	131	263	0	0	0	0	394
595	Pct 9751	595	1	2	3	4	5	6	2	147	380	0	0	0	0	527
596	Pct 9752	596	1	2	3	4	5	6	2	139	297	0	0	0	0	436
597	Pct 9753	597	1	2	3	4	5	6	2	144	264	0	0	0	0	408
598	Pct 9754	598	1	2	3	4	5	6	2	164	293	0	0	0	0	457
599	Pct 9755	599	1	2	3	4	5	6	2	119	199	0	0	0	0	318
600	Pct 9756	600	1	2	3	4	5	6	2	122	296	0	0	0	0	418
601	Pct 9801	601	1	2	3	4	5	6	2	73	147	0	0	0	0	220
602	Pct 9900 MB	602	1	2	3	4	5	6	2	0	0	0	0	0	0	0
603	Pct 9901 MB	603	1	2	3	4	5	6	2	0	0	0	0	0	0	0
604	Pct 9902 MB	604	1	2	3	4	5	6	2	0	0	0	0	0	0	0
